-1.9071,-3.0282,0
2.5826,-6.5999,0
-3.2475,-0.2893,0
2.3523,-6.6032,0
3.4735,0.34884,0
-1.6761,1.3499,0
-1.6376,1.891,0
-1.1413,1.491,0
-0.64153,0.91416,0
-4.7683,1.1015,0
-2.2176,0.51477,0
0.6218,-0.78703,0
-2.1055,1.9897,0
0.48731,-2.9496,0
0.17912,2.9801,0
-1.7568,-1.9657,0
3.4046,-1.8625,0
-0.2251,1.6482,0
-1.3258,2.1369,0
2.3265,3.9092,0
3.5493,0.71425,0
-0.51961,-1.2701,0
-2.2566,-2.8952,0
-2.1412,-0.24894,0
-0.018672,-0.13798,0
-0.59398,4.8733,0
-2.6114,1.241,0
5.3118,-5.971,0
1.0491,-2.6754,0
-4.6911,6.8384,0
-3.1035,-2.5687,0
1.7598,-6.9263,0
1.192,4.3859,0
5.1218,0.20344,0
-4.0858,-0.93644,0
-0.56642,0.42553,0
4.1153,-5.0252,0
3.2539,4.4023,0
-2.3907,1.7421,0
0.6406,0.074386,0
1.2914,-0.97573,0
0.71032,4.7058,0
0.092486,2.6975,0
1.2032,-2.5158,0
-0.41915,6.6335,0
-1.3825,-5.8299,0
2.249,-3.9462,0
-1.0317,0.54571,0
1.6294,1.6256,0
-0.55749,1.1184,0
1.0653,-2.0344,0
0.49392,0.67825,0
-0.086287,-0.5639,0
-2.9663,4.0695,0
-1.729,-0.38213,0
0.87997,-1.1687,0
0.82209,-3.1475,0
0.20798,0.42364,0
0.2369,-4.3983,0
-3.0153,-4.3531,0
-3.9661,1.3847,0
0.012028,-3.0921,0
-3.0825,-1.3484,0
-0.52877,-1.615,0
-0.17689,3.1099,0
-4.4645,-0.65053,0
0.97147,-1.7766,0
2.5225,3.1957,0
1.0046,3.2568,0
-0.58175,-0.14185,0
4.4606,3.0325,0
-0.71746,2.0196,0
0.034806,6.6157,0
1.0441,1.7188,0
1.9744,2.4196,0
1.2349,-3.7894,0
-0.91001,-0.48411,0
4.4939,-2.4765,0
-3.5658,-3.1276,0
-4.1668,-2.8974,0
0.16435,-6.4651,0
-0.2644,-0.39207,0
5.7042,0.69581,0
-6.7987,-3.1939,0
-0.12281,-4.6589,0
-1.4148,-0.40409,0
-1.7787,-0.83249,0
3.1733,2.3763,0
3.699,1.0394,0
1.9812,-3.109,0
-2.9499,-0.54365,0
-1.844,-4.6607,0
-0.085246,-8.6934,0
-2.3523,-2.2745,0
1.286,-2.6026,0
-1.7611,1.6897,0
-4.2882,-0.035372,0
-4.7025,-1.0154,0
0.37139,2.8135,0
3.5492,5.8562,0
1.8934,-3.9208,0
2.8813,-0.81,0
-2.8752,3.3988,0
3.1261,-2.4563,0
-2.0097,0.55759,0
1.8391,-4.3731,0
2.4508,-1.1898,0
2.7129,0.75753,0
1.8754,4.3336,0
0.28778,-4.8951,0
3.5436,2.2142,0
1.9193,1.0224,0
3.3135,-2.1475,0
4.7632,-1.9982,0
0.18925,1.2526,0
-2.0755,-1.0724,0
-2.8402,-3.9577,0
4.6358,-2.889,0
6.0094,1.0566,0
5.4043,1.1734,0
-3.6668,-3.5461,0
-7.2478,4.6919,0
-2.0021,-0.36806,0
1.7546,-7.9872,0
-2.0481,-6.2302,0
3.8288,2.2191,0
-0.68446,-1.453,0
0.89168,-7.3082,0
4.1467,-4.832,0
-1.8655,0.26682,0
-0.71577,-1.7431,0
-6.4466,-2.0996,0
-3.0319,-6.0408,0
-0.81364,6.508,0
1.1367,2.6777,0
-1.4299,3.7694,0
-1.7097,-3.1035,0
-0.35675,0.060279,0
3.1772,-3.6158,0
-1.3381,1.8615,0
-0.95757,-2.2716,0
-0.36002,0.49447,0
4.3311,-3.1783,0
2.1063,2.5056,0
0.41265,2.5582,0
-0.76011,0.77148,0
1.4515,3.107,0
-0.84216,-3.9724,0
1.8152,2.5518,0
-1.0509,-1.1649,0
-20.316,-21.916,1
-25.685,-19.347,1
-27.391,-21.176,1
-26.192,-19.598,1
-23.621,-18.676,1
-19.437,-26.513,1
-20.665,-20.854,1
-19.625,-25.417,1
-26.163,-29.868,1
-23.51,-23.013,1
-20.689,-23.54,1
-18.038,-23.119,1
-23.082,-25.357,1
-20.555,-23.771,1
-18.949,-17.156,1
-19.857,-27.459,1
-19.406,-18.737,1
-26.59,-14.708,1
-21.395,-17.784,1
-22.767,-24.14,1
-14.207,-23.483,1
-19.612,-18.996,1
-19.606,-21.77,1
-20.146,-17.068,1
-17.919,-18.26,1
-19.621,-13.854,1
-18.41,-23.42,1
-16.971,-19.556,1
-15.359,-25.588,1
-18.956,-18.741,1
-18.144,-27.594,1
-21.158,-23.236,1
-17.949,-23.616,1
-18.094,-22.13,1
-23.699,-20.065,1
-19.222,-15.358,1
-19.795,-21.856,1
-22.443,-18.318,1
-15.066,-21.137,1
-14.088,-24.228,1
-18.935,-26.954,1
-21.47,-23.838,1
-24.502,-22.371,1
-13.987,-26.501,1
-18.893,-26.12,1
-21.44,-22.497,1
-11.991,-15.534,1
-25.113,-18.987,1
-23.395,-16.968,1
-17.368,-21.9,1
-24.517,-18.378,1
-19.277,-19.217,1
-15.127,-18.049,1
-20.551,-24.682,1
-22.134,-22.633,1
-20.572,-14.651,1
-17.184,-16.406,1
-21.636,-14.572,1
-24.173,-19.642,1
-22.412,-21.127,1
-23.89,-22.205,1
-21.914,-22.41,1
-18.666,-24.361,1
-25.103,-19.673,1
-21.413,-23.253,1
-21.331,-22.363,1
-21.725,-30.02,1
-20.429,-19.763,1
-22.694,-16.857,1
-24.413,-21.508,1
-23.954,-22.383,1
-19.153,-24.778,1
-19.694,-27.703,1
-23.043,-24.893,1
-20.336,-22.296,1
-17.53,-16.33,1
-19.433,-16.894,1
-19.207,-24.277,1
-18.361,-25.429,1
-18.877,-21.101,1
-18.577,-19.956,1
-17.8,-20.744,1
-18.926,-13.996,1
-17.44,-19.207,1
-17.893,-17.351,1
-20.002,-16.725,1
-22.673,-18.01,1
-24.369,-20.097,1
-22.694,-18.307,1
-16.465,-23.346,1
-22.503,-22.868,1
-24.025,-22.681,1
-21.994,-19.972,1
-22.851,-16.757,1
-22.806,-18.237,1
-23.366,-24.691,1
-16.571,-17.958,1
-24.845,-17.946,1
-26.996,-21.19,1
-21.087,-19.944,1
-26.186,-21.096,1
-22.827,-23.281,1
-22.596,-26.789,1
-22.484,-22.516,1
-16.816,-21.825,1
-22.212,-22.116,1
-26.293,-26.651,1
-20.391,-20.459,1
-20.416,-16.548,1
-18.515,-22.575,1
-22.025,-15.414,1
-21.741,-22.487,1
-18.798,-19.757,1
-20.576,-15.972,1
-18.712,-25.512,1
-22.123,-21.219,1
-18.41,-23.997,1
-23.144,-16.39,1
-17.99,-28.397,1
-21.698,-23.539,1
-21.233,-19.807,1
-21.127,-15.239,1
-21.071,-24.906,1
-21.679,-15.676,1
-23.114,-22.724,1
-22.261,-25.557,1
-24.404,-16.768,1
-22.394,-21.049,1
-17.832,-19.231,1
-23.144,-23.988,1
-18.934,-18.529,1
-23.253,-20.963,1
-19.494,-18.944,1
-15.501,-19.241,1
-14.541,-23.302,1
-17.877,-17.433,1
-21.577,-17.062,1
-22.415,-20.188,1
-21.004,-25.256,1
-16.61,-25.724,1
-16.364,-18.427,1
-24.185,-25.122,1
-24.221,-17.661,1
-23.505,-21.09,1
-19.994,-22.312,1
-22.655,-14.912,1
-20.512,-21.656,1
-18.823,-23.897,1
-17.013,-19.156,1
-16.766,-16.816,1
11.715,-24.903,2
7.6566,-26.646,2
8.5026,-25.52,2
17.356,-21.44,2
4.3752,-23.746,2
10.304,-27.981,2
10.58,-25.442,2
8.5028,-24.972,2
16.367,-23.384,2
12.215,-28.604,2
11.167,-30.036,2
9.1157,-29.747,2
10.171,-24.248,2
9.9818,-25.403,2
6.1512,-18.732,2
14.263,-20.079,2
8.2816,-24.453,2
13.778,-24.415,2
14.124,-23.872,2
10.104,-31.861,2
8.8676,-32.383,2
10.751,-26.19,2
11.942,-25.647,2
11.133,-27.095,2
11.263,-17.355,2
12.429,-29.854,2
8.1438,-20.246,2
17.372,-23.159,2
15.768,-26.526,2
14.005,-25.439,2
17.503,-26.258,2
10.082,-28.439,2
9.8092,-30.541,2
9.9774,-26.349,2
5.4878,-30.213,2
13.132,-25.065,2
8.3337,-33.471,2
5.0602,-27.051,2
10.455,-25.375,2
11.846,-26.115,2
15.75,-29.234,2
12.664,-23.95,2
20.46,-31.939,2
9.3896,-27.071,2
10.054,-31.78,2
6.2239,-22.614,2
10.855,-31.409,2
7.934,-24.937,2
11.63,-25.858,2
12.824,-26.302,2
7.4618,-28.815,2
11.711,-26.578,2
6.5046,-26.752,2
14.957,-24.254,2
10.647,-24.003,2
12.68,-25.42,2
11.56,-27.513,2
16.009,-25.693,2
10.143,-27.553,2
9.1003,-23.682,2
13.52,-28.016,2
8.5849,-22.246,2
11.093,-26.382,2
12.638,-29.654,2
15.403,-21.304,2
16.443,-25.68,2
5.6176,-28.837,2
8.1151,-29.397,2
11.939,-18.47,2
12.014,-32.559,2
13.531,-29.047,2
12.149,-28.572,2
14.184,-23.884,2
9.1553,-22.719,2
10.179,-21.904,2
6.23,-28.709,2
8.6669,-32.802,2
7.7548,-28.773,2
11,-25.554,2
8.7729,-22.831,2
7.8693,-24.939,2
13.989,-34.423,2
16.722,-26.721,2
5.7917,-25.822,2
12.582,-31.731,2
10.954,-26.786,2
12.472,-24.739,2
10.074,-23.386,2
13.392,-27.665,2
12.849,-27.313,2
14.9,-23.293,2
13.761,-25.256,2
12.821,-29.029,2
15.875,-21.828,2
12.403,-22.066,2
11.379,-29.065,2
10.185,-28.519,2
14.294,-28.878,2
3.0489,-32.566,2
9.661,-28.596,2
11.99,-25.235,2
14.808,-23.524,2
9.7332,-21.114,2
12.546,-25.7,2
10.254,-27.61,2
16.94,-31.094,2
5.8071,-24.487,2
9.763,-25.958,2
15.152,-25.886,2
13.328,-32.604,2
5.7109,-32.57,2
14.494,-23.791,2
8.5868,-28.193,2
14.107,-25.694,2
13.529,-21.074,2
12.894,-27.354,2
11.876,-28.132,2
9.5686,-25.845,2
8.8217,-30.13,2
11.655,-19.257,2
11.013,-23.326,2
10.394,-23.167,2
13.972,-33.537,2
9.4754,-28.236,2
10.668,-27.851,2
10.152,-34.683,2
9.2243,-29.88,2
12.439,-25.313,2
11.814,-22.873,2
15.219,-30.108,2
11.661,-29.641,2
11.013,-26.541,2
10.838,-28.037,2
12.626,-25.204,2
9.8361,-28.375,2
13.199,-25.373,2
10.85,-25.351,2
10.932,-25.294,2
12.393,-29.205,2
10.677,-27.457,2
11.888,-30.916,2
11.863,-24.587,2
8.4665,-22.601,2
11.241,-26.554,2
12.666,-18.226,2
16.749,-25.297,2
12.211,-21.021,2
10.649,-28.225,2
11.978,-27.513,2
16.517,-26.183,2
